      0.00   0.15000

     10.00   0.28000

     20.00   0.30600

     30.00   0.33460

     40.00   0.34968

     50.00   0.36362

     60.00   0.37364

     70.00   0.38253

     80.00   0.38979

     90.00   0.39622

    100.00   0.40180

    110.00   0.40681

    120.00   0.41129

    130.00   0.41536

    140.00   0.41906

    150.00   0.42248

    160.00   0.42562

    170.00   0.42855

    180.00   0.43127

    190.00   0.43382

    200.00   0.43622

    210.00   0.43847

    220.00   0.44060

    230.00   0.44262

    240.00   0.44453

    250.00   0.44635

    260.00   0.44809

    270.00   0.44974

    280.00   0.45133

    290.00   0.45284

    300.00   0.45430

    310.00   0.45569

    320.00   0.45704

    330.00   0.45833

    340.00   0.45958

    350.00   0.46079

    360.00   0.46195

    370.00   0.46307

    380.00   0.46416

    390.00   0.46522

    400.00   0.46624

    410.00   0.46723

    420.00   0.46820

    430.00   0.46913

    440.00   0.47004

    450.00   0.47093

    460.00   0.47179

    470.00   0.47263

    480.00   0.47345

    490.00   0.47425

    500.00   0.47502

    510.00   0.47578

    520.00   0.47653

    530.00   0.47725

    540.00   0.47796

    550.00   0.47865

    560.00   0.47933

    570.00   0.48000

    580.00   0.48064

    590.00   0.48128

    600.00   0.48190

    610.00   0.48251

    620.00   0.48311

    630.00   0.48370

    640.00   0.48428

    650.00   0.48484

    660.00   0.48540

    670.00   0.48594

    680.00   0.48648

    690.00   0.48700

    700.00   0.48752

    710.00   0.48803

    720.00   0.48853

    730.00   0.48902

    740.00   0.48950

    750.00   0.48997

    760.00   0.49044

    770.00   0.49090

    780.00   0.49136

    790.00   0.49180

    800.00   0.49224

    810.00   0.49267

    820.00   0.49310

    830.00   0.49352

    840.00   0.49393

    850.00   0.49434

    860.00   0.49474

    870.00   0.49514

    880.00   0.49553

    890.00   0.49592

    900.00   0.49630

    910.00   0.49667

    920.00   0.49704

    930.00   0.49741

    940.00   0.49777

    950.00   0.49813

    960.00   0.49848

    970.00   0.49883

    980.00   0.49917

    990.00   0.49951

   1000.00   0.49984

   1010.00   0.50018

   1020.00   0.50050

   1030.00   0.50083

   1040.00   0.50114

   1050.00   0.50146

   1060.00   0.50177

   1070.00   0.50208

   1080.00   0.50239

   1090.00   0.50269

   1100.00   0.50299

   1110.00   0.50328

   1120.00   0.50357

   1130.00   0.50386

   1140.00   0.50415

   1150.00   0.50443

   1160.00   0.50471

   1170.00   0.50499

   1180.00   0.50526

   1190.00   0.50553

   1200.00   0.50580

   1210.00   0.50607

   1220.00   0.50633

   1230.00   0.50659

   1240.00   0.50685

   1250.00   0.50711

   1260.00   0.50736

   1270.00   0.50761

   1280.00   0.50786

   1290.00   0.50811

   1300.00   0.50835

   1310.00   0.50859

   1320.00   0.50883

   1330.00   0.50907

   1340.00   0.50930

   1350.00   0.50954

   1360.00   0.50977

   1370.00   0.51000

   1380.00   0.51022

   1390.00   0.51045

   1400.00   0.51067

   1410.00   0.51089

   1420.00   0.51111

   1430.00   0.51133

   1440.00   0.51155

   1450.00   0.51176

   1460.00   0.51197

   1470.00   0.51218

   1480.00   0.51239

   1490.00   0.51260

   1500.00   0.51280

   1510.00   0.51301

   1520.00   0.51321

   1530.00   0.51341

   1540.00   0.51361

   1550.00   0.51381

   1560.00   0.51400

   1570.00   0.51420

   1580.00   0.51439

   1590.00   0.51458

   1600.00   0.51477

   1610.00   0.51496

   1620.00   0.51515

   1630.00   0.51533

   1640.00   0.51552

   1650.00   0.51570

   1660.00   0.51588

   1670.00   0.51606

   1680.00   0.51624

   1690.00   0.51642

   1700.00   0.51659

   1710.00   0.51677

   1720.00   0.51694

   1730.00   0.51712

   1740.00   0.51729

   1750.00   0.51746

   1760.00   0.51763

   1770.00   0.51780

   1780.00   0.51796

   1790.00   0.51813

   1800.00   0.51829

   1810.00   0.51846

   1820.00   0.51862

   1830.00   0.51878

   1840.00   0.51894

   1850.00   0.51910

   1860.00   0.51926

   1870.00   0.51942

   1880.00   0.51957

   1890.00   0.51973

   1900.00   0.51988

   1910.00   0.52004

   1920.00   0.52019

   1930.00   0.52034

   1940.00   0.52049

   1950.00   0.52064

   1960.00   0.52079

   1970.00   0.52094

   1980.00   0.52108

   1990.00   0.52123

   2000.00   0.52137

   2010.00   0.52152

   2020.00   0.52166

   2030.00   0.52180

   2040.00   0.52195

   2050.00   0.52209

   2060.00   0.52223

   2070.00   0.52237

   2080.00   0.52251

   2090.00   0.52264

   2100.00   0.52278

   2110.00   0.52292

   2120.00   0.52305

   2130.00   0.52319

   2140.00   0.52332

   2150.00   0.52345

   2160.00   0.52358

   2170.00   0.52372

   2180.00   0.52385

   2190.00   0.52398

   2200.00   0.52411

   2210.00   0.52423

   2220.00   0.52436

   2230.00   0.52449

   2240.00   0.52462

   2250.00   0.52474

   2260.00   0.52487

   2270.00   0.52499

   2280.00   0.52511

   2290.00   0.52524

   2300.00   0.52536

   2310.00   0.52548

   2320.00   0.52560

   2330.00   0.52572

   2340.00   0.52584

   2350.00   0.52596

   2360.00   0.52608

   2370.00   0.52620

   2380.00   0.52632

   2390.00   0.52643

   2400.00   0.52655

   2410.00   0.52666

   2420.00   0.52678

   2430.00   0.52689

   2440.00   0.52701

   2450.00   0.52712

   2460.00   0.52723

   2470.00   0.52735

   2480.00   0.52746

   2490.00   0.52757

   2500.00   0.52768

   2510.00   0.52779

   2520.00   0.52790

   2530.00   0.52801

   2540.00   0.52812

   2550.00   0.52822

   2560.00   0.52833

   2570.00   0.52844

   2580.00   0.52854

   2590.00   0.52865

   2600.00   0.52875

   2610.00   0.52886

   2620.00   0.52896

   2630.00   0.52907

   2640.00   0.52917

   2650.00   0.52927

   2660.00   0.52937

   2670.00   0.52948

   2680.00   0.52958

   2690.00   0.52968

   2700.00   0.52978

   2710.00   0.52988

   2720.00   0.52998

   2730.00   0.53007

   2740.00   0.53017

   2750.00   0.53027

   2760.00   0.53037

   2770.00   0.53046

   2780.00   0.53056

   2790.00   0.53066

   2800.00   0.53075

   2810.00   0.53085

   2820.00   0.53094

   2830.00   0.53104

   2840.00   0.53113

   2850.00   0.53122

   2860.00   0.53132

   2870.00   0.53141

   2880.00   0.53150

   2890.00   0.53159

   2900.00   0.53168

   2910.00   0.53178

   2920.00   0.53187

   2930.00   0.53196

   2940.00   0.53205

   2950.00   0.53213

   2960.00   0.53222

   2970.00   0.53231

   2980.00   0.53240

   2990.00   0.53249

   3000.00   0.53257

   3010.00   0.53266

   3020.00   0.53275

   3030.00   0.53283

   3040.00   0.53292

   3050.00   0.53300

   3060.00   0.53309

   3070.00   0.53317

   3080.00   0.53326

   3090.00   0.53334

   3100.00   0.53342

   3110.00   0.53351

   3120.00   0.53359

   3130.00   0.53367

   3140.00   0.53375

   3150.00   0.53384

   3160.00   0.53392

   3170.00   0.53400

   3180.00   0.53408

   3190.00   0.53416

   3200.00   0.53424

   3210.00   0.53432

   3220.00   0.53440

   3230.00   0.53448

   3240.00   0.53455

   3250.00   0.53463

   3260.00   0.53471

   3270.00   0.53479

   3280.00   0.53486

   3290.00   0.53494

   3300.00   0.53502

   3310.00   0.53509

   3320.00   0.53517

   3330.00   0.53524

   3340.00   0.53532

   3350.00   0.53539

   3360.00   0.53547

   3370.00   0.53554

   3380.00   0.53561

   3390.00   0.53569

   3400.00   0.53576

   3410.00   0.53583

   3420.00   0.53591

   3430.00   0.53598

   3440.00   0.53605

   3450.00   0.53612

   3460.00   0.53619

   3470.00   0.53626

   3480.00   0.53633

   3490.00   0.53640

   3500.00   0.53647

   3510.00   0.53654

   3520.00   0.53661

   3530.00   0.53668

   3540.00   0.53675

   3550.00   0.53682

   3560.00   0.53689

   3570.00   0.53695

   3580.00   0.53702

   3590.00   0.53709

   3600.00   0.53715

   3610.00   0.53722

   3620.00   0.53729

   3630.00   0.53735

   3640.00   0.53742

   3650.00   0.53748

   3660.00   0.53755

   3670.00   0.53761

   3680.00   0.53768

   3690.00   0.53774

   3700.00   0.53781

   3710.00   0.53787

   3720.00   0.53793

   3730.00   0.53800

   3740.00   0.53806

   3750.00   0.53812

   3760.00   0.53818

   3770.00   0.53825

   3780.00   0.53831

   3790.00   0.53837

   3800.00   0.53843

   3810.00   0.53849

   3820.00   0.53855

   3830.00   0.53861

   3840.00   0.53867

   3850.00   0.53873

   3860.00   0.53879

   3870.00   0.53885

   3880.00   0.53891

   3890.00   0.53897

   3900.00   0.53903

   3910.00   0.53909

   3920.00   0.53914

   3930.00   0.53920

   3940.00   0.53926

   3950.00   0.53932

   3960.00   0.53937

   3970.00   0.53943

   3980.00   0.53949

   3990.00   0.53954

   4000.00   0.53960

   4010.00   0.53965

   4020.00   0.53971

   4030.00   0.53977

   4040.00   0.53982

   4050.00   0.53988

   4060.00   0.53993

   4070.00   0.53998

   4080.00   0.54004

   4090.00   0.54009

   4100.00   0.54015

   4110.00   0.54020

   4120.00   0.54025

   4130.00   0.54030

   4140.00   0.54036

   4150.00   0.54041

   4160.00   0.54046

   4170.00   0.54051

   4180.00   0.54056

   4190.00   0.54062

   4200.00   0.54067

   4210.00   0.54072

   4220.00   0.54077

   4230.00   0.54082

   4240.00   0.54087

   4250.00   0.54092

   4260.00   0.54097

   4270.00   0.54102

   4280.00   0.54107

   4290.00   0.54112

   4300.00   0.54117

   4310.00   0.54121

   4320.00   0.54126

   4330.00   0.54131

   4340.00   0.54136

   4350.00   0.54141

   4360.00   0.54145

   4370.00   0.54150

   4380.00   0.54155

   4390.00   0.54160

   4400.00   0.54164

   4410.00   0.54169

   4420.00   0.54173

   4430.00   0.54178

   4440.00   0.54183

   4450.00   0.54187

   4460.00   0.54192

   4470.00   0.54196

   4480.00   0.54201

   4490.00   0.54205

   4500.00   0.54210

   4510.00   0.54214

   4520.00   0.54219

   4530.00   0.54223

   4540.00   0.54227

   4550.00   0.54232

   4560.00   0.54236

   4570.00   0.54240

   4580.00   0.54245

   4590.00   0.54249

   4600.00   0.54253

   4610.00   0.54257

   4620.00   0.54262

   4630.00   0.54266

   4640.00   0.54270

   4650.00   0.54274

   4660.00   0.54278

   4670.00   0.54282

   4680.00   0.54286

   4690.00   0.54290

   4700.00   0.54294

   4710.00   0.54299

   4720.00   0.54303

   4730.00   0.54307

   4740.00   0.54310

   4750.00   0.54314

   4760.00   0.54318

   4770.00   0.54322

   4780.00   0.54326

   4790.00   0.54330

   4800.00   0.54334

   4810.00   0.54338

   4820.00   0.54342

   4830.00   0.54345

   4840.00   0.54349

   4850.00   0.54353

   4860.00   0.54357

   4870.00   0.54360

   4880.00   0.54364

   4890.00   0.54368

   4900.00   0.54371

   4910.00   0.54375

   4920.00   0.54379

   4930.00   0.54382

   4940.00   0.54386

   4950.00   0.54390

   4960.00   0.54393

   4970.00   0.54397

   4980.00   0.54400

   4990.00   0.54404

   5000.00   0.54407

   5010.00   0.54411

   5020.00   0.54414

   5030.00   0.54418

   5040.00   0.54421

   5050.00   0.54424

   5060.00   0.54428

   5070.00   0.54431

   5080.00   0.54435

   5090.00   0.54438

   5100.00   0.54441

   5110.00   0.54445

   5120.00   0.54448

   5130.00   0.54451

   5140.00   0.54454

   5150.00   0.54458

   5160.00   0.54461

   5170.00   0.54464

   5180.00   0.54467

   5190.00   0.54470

   5200.00   0.54474

   5210.00   0.54477

   5220.00   0.54480

   5230.00   0.54483

   5240.00   0.54486

   5250.00   0.54489

   5260.00   0.54492

   5270.00   0.54495

   5280.00   0.54498

   5290.00   0.54501

   5300.00   0.54504

   5310.00   0.54507

   5320.00   0.54510

   5330.00   0.54513

   5340.00   0.54516

   5350.00   0.54519

   5360.00   0.54522

   5370.00   0.54525

   5380.00   0.54528

   5390.00   0.54531

   5400.00   0.54533

   5410.00   0.54536

   5420.00   0.54539

   5430.00   0.54542

   5440.00   0.54545

   5450.00   0.54547

   5460.00   0.54550

   5470.00   0.54553

   5480.00   0.54556

   5490.00   0.54558

   5500.00   0.54561

   5510.00   0.54564

   5520.00   0.54566

   5530.00   0.54569

   5540.00   0.54572

   5550.00   0.54574

   5560.00   0.54577

   5570.00   0.54579

   5580.00   0.54582

   5590.00   0.54585

   5600.00   0.54587

   5610.00   0.54590

   5620.00   0.54592

   5630.00   0.54595

   5640.00   0.54597

   5650.00   0.54600

   5660.00   0.54602

   5670.00   0.54605

   5680.00   0.54607

   5690.00   0.54610

   5700.00   0.54612

   5710.00   0.54614

   5720.00   0.54617

   5730.00   0.54619

   5740.00   0.54621

   5750.00   0.54624

   5760.00   0.54626

   5770.00   0.54628

   5780.00   0.54631

   5790.00   0.54633

   5800.00   0.54635

   5810.00   0.54638

   5820.00   0.54640

   5830.00   0.54642

   5840.00   0.54644

   5850.00   0.54647

   5860.00   0.54649

   5870.00   0.54651

   5880.00   0.54653

   5890.00   0.54655

   5900.00   0.54657

   5910.00   0.54660

   5920.00   0.54662

   5930.00   0.54664

   5940.00   0.54666

   5950.00   0.54668

   5960.00   0.54670

   5970.00   0.54672

   5980.00   0.54674

   5990.00   0.54676

   6000.00   0.54678

   6010.00   0.54680

   6020.00   0.54682

   6030.00   0.54684

   6040.00   0.54686

   6050.00   0.54688

   6060.00   0.54690

   6070.00   0.54692

   6080.00   0.54694

   6090.00   0.54696

   6100.00   0.54698

   6110.00   0.54700

   6120.00   0.54702

   6130.00   0.54703

   6140.00   0.54705

   6150.00   0.54707

   6160.00   0.54709

   6170.00   0.54711

   6180.00   0.54713

   6190.00   0.54714

   6200.00   0.54716

   6210.00   0.54718

   6220.00   0.54720

   6230.00   0.54722

   6240.00   0.54723

   6250.00   0.54725

   6260.00   0.54727

   6270.00   0.54728

   6280.00   0.54730

   6290.00   0.54732

   6300.00   0.54734

   6310.00   0.54735

   6320.00   0.54737

   6330.00   0.54739

   6340.00   0.54740

   6350.00   0.54742

   6360.00   0.54743

   6370.00   0.54745

   6380.00   0.54747

   6390.00   0.54748

   6400.00   0.54750

   6410.00   0.54751

   6420.00   0.54753

   6430.00   0.54754

   6440.00   0.54756

   6450.00   0.54757

   6460.00   0.54759

   6470.00   0.54761

   6480.00   0.54762

   6490.00   0.54763

   6500.00   0.54765

   6510.00   0.54766

   6520.00   0.54768

   6530.00   0.54769

   6540.00   0.54771

   6550.00   0.54772

   6560.00   0.54774

   6570.00   0.54775

   6580.00   0.54776

   6590.00   0.54778

   6600.00   0.54779

   6610.00   0.54780

   6620.00   0.54782

   6630.00   0.54783

   6640.00   0.54785

   6650.00   0.54786

   6660.00   0.54787

   6670.00   0.54788

   6680.00   0.54790

   6690.00   0.54791

   6700.00   0.54792

   6710.00   0.54794

   6720.00   0.54795

   6730.00   0.54796

   6740.00   0.54797

   6750.00   0.54799

   6760.00   0.54800

   6770.00   0.54801

   6780.00   0.54802

   6790.00   0.54803

   6800.00   0.54805

   6810.00   0.54806

   6820.00   0.54807

   6830.00   0.54808

   6840.00   0.54809

   6850.00   0.54810

   6860.00   0.54812

   6870.00   0.54813

   6880.00   0.54814

   6890.00   0.54815

   6900.00   0.54816

   6910.00   0.54817

   6920.00   0.54818

   6930.00   0.54819

   6940.00   0.54820

   6950.00   0.54821

   6960.00   0.54822

   6970.00   0.54823

   6980.00   0.54824

   6990.00   0.54826

   7000.00   0.54827

   7010.00   0.54828

   7020.00   0.54829

   7030.00   0.54830

   7040.00   0.54830

   7050.00   0.54831

   7060.00   0.54832

   7070.00   0.54833

   7080.00   0.54834

   7090.00   0.54835

   7100.00   0.54836

   7110.00   0.54837

   7120.00   0.54838

   7130.00   0.54839

   7140.00   0.54840

   7150.00   0.54841

   7160.00   0.54842

   7170.00   0.54843

   7180.00   0.54843

   7190.00   0.54844

   7200.00   0.54845

   7210.00   0.54846

   7220.00   0.54847

   7230.00   0.54848

   7240.00   0.54848

   7250.00   0.54849

   7260.00   0.54850

   7270.00   0.54851

   7280.00   0.54852

   7290.00   0.54852

   7300.00   0.54853

   7310.00   0.54854

   7320.00   0.54855

   7330.00   0.54856

   7340.00   0.54856

   7350.00   0.54857

   7360.00   0.54858

   7370.00   0.54859

   7380.00   0.54859

   7390.00   0.54860

   7400.00   0.54861

   7410.00   0.54861

   7420.00   0.54862

   7430.00   0.54863

   7440.00   0.54863

   7450.00   0.54864

   7460.00   0.54865

   7470.00   0.54865

   7480.00   0.54866

   7490.00   0.54867

   7500.00   0.54867

   7510.00   0.54868

   7520.00   0.54869

   7530.00   0.54869

   7540.00   0.54870

   7550.00   0.54870

   7560.00   0.54871

   7570.00   0.54872

   7580.00   0.54872

   7590.00   0.54873

   7600.00   0.54873

   7610.00   0.54874

   7620.00   0.54875

   7630.00   0.54875

   7640.00   0.54876

   7650.00   0.54876

   7660.00   0.54877

   7670.00   0.54877

   7680.00   0.54878

   7690.00   0.54878

   7700.00   0.54879

   7710.00   0.54879

   7720.00   0.54880

   7730.00   0.54880

   7740.00   0.54881

   7750.00   0.54881

   7760.00   0.54882

   7770.00   0.54882

   7780.00   0.54883

   7790.00   0.54883

   7800.00   0.54884

   7810.00   0.54884

   7820.00   0.54884

   7830.00   0.54885

   7840.00   0.54885

   7850.00   0.54886

   7860.00   0.54886

   7870.00   0.54887

   7880.00   0.54887

   7890.00   0.54887

   7900.00   0.54888

   7910.00   0.54888

   7920.00   0.54889

   7930.00   0.54889

   7940.00   0.54889

   7950.00   0.54890

   7960.00   0.54890

   7970.00   0.54890

   7980.00   0.54891

   7990.00   0.54891

   8000.00   0.54891

   8010.00   0.54892

   8020.00   0.54892

   8030.00   0.54892

   8040.00   0.54893

   8050.00   0.54893

   8060.00   0.54893

   8070.00   0.54894

   8080.00   0.54894

   8090.00   0.54894

   8100.00   0.54894

   8110.00   0.54895

   8120.00   0.54895

   8130.00   0.54895

   8140.00   0.54896

   8150.00   0.54896

   8160.00   0.54896

   8170.00   0.54896

   8180.00   0.54897

   8190.00   0.54897

   8200.00   0.54897

   8210.00   0.54897

   8220.00   0.54897

   8230.00   0.54898

   8240.00   0.54898

   8250.00   0.54898

   8260.00   0.54898

   8270.00   0.54898

   8280.00   0.54899

   8290.00   0.54899

   8300.00   0.54899

   8310.00   0.54899

   8320.00   0.54899

   8330.00   0.54900

   8340.00   0.54900

   8350.00   0.54900

   8360.00   0.54900

   8370.00   0.54900

   8380.00   0.54900

   8390.00   0.54900

   8400.00   0.54901

   8410.00   0.54901

   8420.00   0.54901

   8430.00   0.54901

   8440.00   0.54901

   8450.00   0.54901

   8460.00   0.54901

   8470.00   0.54901

   8480.00   0.54901

   8490.00   0.54902

   8500.00   0.54902

   8510.00   0.54902

   8520.00   0.54902

   8530.00   0.54902

   8540.00   0.54902

   8550.00   0.54902

   8560.00   0.54902

   8570.00   0.54902

   8580.00   0.54902

   8590.00   0.54902

   8600.00   0.54902

   8610.00   0.54902

   8620.00   0.54902

   8630.00   0.54902

   8640.00   0.54902

   8650.00   0.54902

   8660.00   0.54903

   8670.00   0.54903

   8680.00   0.54903

   8690.00   0.54903

   8700.00   0.54903

   8710.00   0.54903

   8720.00   0.54903

   8730.00   0.54903

   8740.00   0.54903

   8750.00   0.54903

   8760.00   0.54903

   8770.00   0.54902

   8780.00   0.54902

   8790.00   0.54902

   8800.00   0.54902

   8810.00   0.54902

   8820.00   0.54902

   8830.00   0.54902

   8840.00   0.54902

   8850.00   0.54902

   8860.00   0.54902

   8870.00   0.54902

   8880.00   0.54902

   8890.00   0.54902

   8900.00   0.54902

   8910.00   0.54902

   8920.00   0.54902

   8930.00   0.54902

   8940.00   0.54902

   8950.00   0.54901

   8960.00   0.54901

   8970.00   0.54901

   8980.00   0.54901

   8990.00   0.54901

   9000.00   0.54901

   9010.00   0.54901

   9020.00   0.54901

   9030.00   0.54901

   9040.00   0.54900

   9050.00   0.54900

   9060.00   0.54900

   9070.00   0.54900

   9080.00   0.54900

   9090.00   0.54900

   9100.00   0.54900

   9110.00   0.54900

   9120.00   0.54899

   9130.00   0.54899

   9140.00   0.54899

   9150.00   0.54899

   9160.00   0.54899

   9170.00   0.54899

   9180.00   0.54898

   9190.00   0.54898

   9200.00   0.54898

   9210.00   0.54898

   9220.00   0.54898

   9230.00   0.54898

   9240.00   0.54897

   9250.00   0.54897

   9260.00   0.54897

   9270.00   0.54897

   9280.00   0.54897

   9290.00   0.54896

   9300.00   0.54896

   9310.00   0.54896

   9320.00   0.54896

   9330.00   0.54896

   9340.00   0.54895

   9350.00   0.54895

   9360.00   0.54895

   9370.00   0.54895

   9380.00   0.54894

   9390.00   0.54894

   9400.00   0.54894

   9410.00   0.54894

   9420.00   0.54893

   9430.00   0.54893

   9440.00   0.54893

   9450.00   0.54893

   9460.00   0.54892

   9470.00   0.54892

   9480.00   0.54892

   9490.00   0.54892

   9500.00   0.54891

   9510.00   0.54891

   9520.00   0.54891

   9530.00   0.54891

   9540.00   0.54890

   9550.00   0.54890

   9560.00   0.54890

   9570.00   0.54890

   9580.00   0.54889

   9590.00   0.54889

   9600.00   0.54889

   9610.00   0.54888

   9620.00   0.54888

   9630.00   0.54888

   9640.00   0.54887

   9650.00   0.54887

   9660.00   0.54887

   9670.00   0.54887

   9680.00   0.54886

   9690.00   0.54886

   9700.00   0.54886

   9710.00   0.54885

   9720.00   0.54885

   9730.00   0.54885

   9740.00   0.54884

   9750.00   0.54884

   9760.00   0.54884

   9770.00   0.54883

   9780.00   0.54883

   9790.00   0.54883

   9800.00   0.54882

   9810.00   0.54882

   9820.00   0.54882

   9830.00   0.54881

   9840.00   0.54881

   9850.00   0.54881

   9860.00   0.54880

   9870.00   0.54880

   9880.00   0.54879

   9890.00   0.54879

   9900.00   0.54879

   9910.00   0.54878

   9920.00   0.54878

   9930.00   0.54878

   9940.00   0.54877

   9950.00   0.54877

   9960.00   0.54877

   9970.00   0.54876

   9980.00   0.54876

   9990.00   0.54875

